y_add_nmae = [0.15157506136075294,
 0.09056107040514667,
 0.08781878535139306,
 0.08138420458585592,
 0.09184757382827213,
 0.0885757596096692,
 0.07454654017976427,
 0.09108606933873382,
 0.09749040755305781,
 0.09037305113457775,
 0.09708647186094649,
 0.12150171536694399,
 0.1090990494339156,
 0.10633448260615794,
 0.12950355356784493,
 0.11559053175140176,
 0.13146397591632458,
 0.0943772478699047,
 0.07806200161579371,
 0.08755503006253545,
 0.07806200161579371,
 0.11282130084157081,
 0.08890259887363501,
 0.08853672344201395,
 0.09680494088455598,
 0.10565834394307767,
 0.11312087966735801,
 0.11566298721766478,
 0.06852530237586293,
 0.07943527840574274,
 0.06513236833708536,
 0.06408044071828128,
 0.07817288433649788,
 0.06575147787742222,
 0.08602190404492857,
 0.09702870405022204]

y_mull_nmae = [0.1519342493665002,
 0.09286539848541611,
 0.09001634689298464,
 0.08272451962516009,
 0.09500978420258135,
 0.09228262084564631,
 0.07763758781970156,
 0.09311378575174248,
 0.09954311762171886,
 0.0911397344151819,
 0.09662128721991135,
 0.12358121676439919,
 0.11222286558555504,
 0.10817998221134614,
 0.13185186779061586,
 0.11663344476898105,
 0.13335037897699603,
 0.09517679138585004,
 0.07876516830344897,
 0.0883443501628677,
 0.07876516830344897,
 0.11480196047357297,
 0.08922254008272494,
 0.08930341897416563,
 0.09756266598877811,
 0.10639607250317379,
 0.11436927817282125,
 0.11805311983510323,
 0.06868660133534182,
 0.0796025442818462,
 0.06589157073338181,
 0.06421084731757368,
 0.078486757105979,
 0.06628707168646342,
 0.08798377977105,
 0.09563501768043796]

y_add mean = 0.09498752000085292
y_mul mean = 0.09628480312340187